N,M,max_parents,solve_time,depth_bias,termination_status
10,5,3,0.1,0.002515077590942383,1
10,5,3,0.1,0.0049479007720947266,1
10,5,3,0.1,0.004395008087158203,1
10,5,3,0.4,0.0025408267974853516,1
10,5,3,0.4,0.004808902740478516,1
10,5,3,0.4,0.005715131759643555,1
10,5,3,0.8,0.004645109176635742,1
10,5,3,0.8,0.0037491321563720703,1
10,5,3,0.8,0.0024368762969970703,1
10,5,3,1.0,0.004156827926635742,1
10,5,3,1.0,0.0041310787200927734,1
10,5,3,1.0,0.0023729801177978516,1
10,5,5,0.1,0.0029838085174560547,1
10,5,5,0.1,0.0031108856201171875,1
10,5,5,0.1,0.0026099681854248047,1
10,5,5,0.4,0.005629062652587891,1
10,5,5,0.4,0.0024919509887695312,1
10,5,5,0.4,0.0044231414794921875,1
10,5,5,0.8,0.0055201053619384766,1
10,5,5,0.8,0.0056841373443603516,1
10,5,5,0.8,0.002418041229248047,1
10,5,5,1.0,0.0053060054779052734,1
10,5,5,1.0,0.004065036773681641,1
10,5,5,1.0,0.0041429996490478516,1
10,5,10,0.1,0.005216121673583984,1
10,5,10,0.1,0.005239009857177734,1
10,5,10,0.1,0.0052220821380615234,1
10,5,10,0.4,0.002362966537475586,1
10,5,10,0.4,0.0022919178009033203,1
10,5,10,0.4,0.0053441524505615234,1
10,5,10,0.8,0.005148172378540039,1
10,5,10,0.8,0.005281925201416016,1
10,5,10,0.8,0.005717039108276367,1
10,5,10,1.0,0.005465030670166016,1
10,5,10,1.0,0.0053348541259765625,1
10,5,10,1.0,0.005209922790527344,1
10,10,3,0.1,0.007508993148803711,1
10,10,3,0.1,0.007161855697631836,1
10,10,3,0.1,0.007313966751098633,1
10,10,3,0.4,0.0073490142822265625,1
10,10,3,0.4,0.011693000793457031,1
10,10,3,0.4,0.0075778961181640625,1
10,10,3,0.8,0.007749080657958984,1
10,10,3,0.8,0.007275819778442383,1
10,10,3,0.8,0.009038925170898438,1
10,10,3,1.0,0.0074079036712646484,1
10,10,3,1.0,0.007687091827392578,1
10,10,3,1.0,0.012861967086791992,1
10,10,5,0.1,0.0076141357421875,1
10,10,5,0.1,0.007367849349975586,1
10,10,5,0.1,0.007581949234008789,1
10,10,5,0.4,0.0078051090240478516,1
10,10,5,0.4,0.008389949798583984,1
10,10,5,0.4,0.00797891616821289,1
10,10,5,0.8,0.008064985275268555,1
10,10,5,0.8,0.01196599006652832,1
10,10,5,0.8,0.007297039031982422,1
10,10,5,1.0,0.013168811798095703,1
10,10,5,1.0,0.008100032806396484,1
10,10,5,1.0,0.008067846298217773,1
10,10,10,0.1,0.009240150451660156,1
10,10,10,0.1,0.008060932159423828,1
10,10,10,0.1,0.007927894592285156,1
10,10,10,0.4,0.01004791259765625,1
10,10,10,0.4,0.007781028747558594,1
10,10,10,0.4,0.008157968521118164,1
10,10,10,0.8,0.015854835510253906,1
10,10,10,0.8,0.009953022003173828,1
10,10,10,0.8,0.007246971130371094,1
10,10,10,1.0,0.008346080780029297,1
10,10,10,1.0,0.008374929428100586,1
10,10,10,1.0,0.00738215446472168,1
10,20,3,0.1,0.03416800498962402,1
10,20,3,0.1,0.05398201942443848,1
10,20,3,0.1,0.021892070770263672,1
10,20,3,0.4,0.027107954025268555,1
10,20,3,0.4,0.0489659309387207,1
10,20,3,0.4,0.021883010864257812,1
10,20,3,0.8,0.07557797431945801,1
10,20,3,0.8,0.04609990119934082,1
10,20,3,0.8,0.06453108787536621,1
10,20,3,1.0,0.04952406883239746,1
10,20,3,1.0,0.022344112396240234,1
10,20,3,1.0,0.02630901336669922,1
10,20,5,0.1,0.03486990928649902,1
10,20,5,0.1,0.04238080978393555,1
10,20,5,0.1,0.0238339900970459,1
10,20,5,0.4,0.24786996841430664,1
10,20,5,0.4,0.025743961334228516,1
10,20,5,0.4,0.03402900695800781,1
10,20,5,0.8,0.040762901306152344,1
10,20,5,0.8,0.07374191284179688,1
10,20,5,0.8,0.026833057403564453,1
10,20,5,1.0,0.09807705879211426,1
10,20,5,1.0,0.04551100730895996,1
10,20,5,1.0,0.41575193405151367,1
10,20,10,0.1,0.1586148738861084,1
10,20,10,0.1,0.030319929122924805,1
10,20,10,0.1,2.1000778675079346,1
10,20,10,0.4,2.009644031524658,1
10,20,10,0.4,1.0981450080871582,1
10,20,10,0.4,0.9578220844268799,1
10,20,10,0.8,1.1755900382995605,1
10,20,10,0.8,0.10640215873718262,1
10,20,10,0.8,1.6509439945220947,1
10,20,10,1.0,0.14026999473571777,1
10,20,10,1.0,0.4122769832611084,1
10,20,10,1.0,0.15354013442993164,1
10,40,3,0.1,4.874577045440674,1
10,40,3,0.1,0.1251227855682373,1
10,40,3,0.1,0.18846988677978516,1
10,40,3,0.4,0.20073318481445312,1
10,40,3,0.4,0.11970710754394531,1
10,40,3,0.4,10.01768684387207,12
10,40,3,0.8,10.039188146591187,12
10,40,3,0.8,4.2567291259765625,1
10,40,3,0.8,10.01444697380066,12
10,40,3,1.0,10.014202117919922,12
10,40,3,1.0,0.15288686752319336,1
10,40,3,1.0,0.13200902938842773,1
10,40,5,0.1,10.012078046798706,12
10,40,5,0.1,6.483633995056152,1
10,40,5,0.1,10.011780023574829,12
10,40,5,0.4,10.01164984703064,12
10,40,5,0.4,10.013335943222046,12
10,40,5,0.4,10.012067079544067,12
10,40,5,0.8,10.012218952178955,12
10,40,5,0.8,10.012336015701294,12
10,40,5,0.8,10.011904001235962,12
10,40,5,1.0,10.019510984420776,12
10,40,5,1.0,10.014172077178955,12
10,40,5,1.0,10.015767097473145,12
10,40,10,0.1,10.014555931091309,12
10,40,10,0.1,5.425842046737671,1
10,40,10,0.1,10.015500783920288,12
10,40,10,0.4,10.01558804512024,12
10,40,10,0.4,10.01193118095398,12
10,40,10,0.4,10.012216806411743,12
10,40,10,0.8,10.011780977249146,12
10,40,10,0.8,10.011578798294067,12
10,40,10,0.8,10.011528015136719,12
10,40,10,1.0,10.014647960662842,12
10,40,10,1.0,10.016374826431274,12
10,40,10,1.0,10.013017892837524,12
20,10,3,0.1,0.006348848342895508,1
20,10,3,0.1,0.006097078323364258,1
20,10,3,0.1,0.0099029541015625,1
20,10,3,0.4,0.009150028228759766,1
20,10,3,0.4,0.009572029113769531,1
20,10,3,0.4,0.010217905044555664,1
20,10,3,0.8,0.009632110595703125,1
20,10,3,0.8,0.009512901306152344,1
20,10,3,0.8,0.016252994537353516,1
20,10,3,1.0,0.013455867767333984,1
20,10,3,1.0,0.009996891021728516,1
20,10,3,1.0,0.00973200798034668,1
20,10,5,0.1,0.017269134521484375,1
20,10,5,0.1,0.00963592529296875,1
20,10,5,0.1,0.009829044342041016,1
20,10,5,0.4,0.006001949310302734,1
20,10,5,0.4,0.016666173934936523,1
20,10,5,0.4,0.009984970092773438,1
20,10,5,0.8,0.01026606559753418,1
20,10,5,0.8,0.009655952453613281,1
20,10,5,0.8,0.010132074356079102,1
20,10,5,1.0,0.00960397720336914,1
20,10,5,1.0,0.00990915298461914,1
20,10,5,1.0,0.010232925415039062,1
20,10,10,0.1,0.016297101974487305,1
20,10,10,0.1,0.005981922149658203,1
20,10,10,0.1,0.00589299201965332,1
20,10,10,0.4,0.014095067977905273,1
20,10,10,0.4,0.01043701171875,1
20,10,10,0.4,0.006062984466552734,1
20,10,10,0.8,0.017015933990478516,1
20,10,10,0.8,0.009021997451782227,1
20,10,10,0.8,0.0059661865234375,1
20,10,10,1.0,0.017946958541870117,1
20,10,10,1.0,0.008203983306884766,1
20,10,10,1.0,0.013052940368652344,1
20,20,3,0.1,0.025686979293823242,1
20,20,3,0.1,0.02436685562133789,1
20,20,3,0.1,0.025655031204223633,1
20,20,3,0.4,0.024752140045166016,1
20,20,3,0.4,0.044786930084228516,1
20,20,3,0.4,0.02666497230529785,1
20,20,3,0.8,0.02624201774597168,1
20,20,3,0.8,0.02754807472229004,1
20,20,3,0.8,0.0373988151550293,1
20,20,3,1.0,0.02394390106201172,1
20,20,3,1.0,0.031171083450317383,1
20,20,3,1.0,0.026489973068237305,1
20,20,5,0.1,0.027227163314819336,1
20,20,5,0.1,0.03145885467529297,1
20,20,5,0.1,0.030206918716430664,1
20,20,5,0.4,0.045014142990112305,1
20,20,5,0.4,0.02521491050720215,1
20,20,5,0.4,0.030039072036743164,1
20,20,5,0.8,0.02861189842224121,1
20,20,5,0.8,0.02703714370727539,1
20,20,5,0.8,0.027102947235107422,1
20,20,5,1.0,0.04710102081298828,1
20,20,5,1.0,0.02908492088317871,1
20,20,5,1.0,0.05026984214782715,1
20,20,10,0.1,0.029860973358154297,1
20,20,10,0.1,0.0534670352935791,1
20,20,10,0.1,0.05551600456237793,1
20,20,10,0.4,0.025827884674072266,1
20,20,10,0.4,0.05150008201599121,1
20,20,10,0.4,0.031854867935180664,1
20,20,10,0.8,0.029993057250976562,1
20,20,10,0.8,0.02722311019897461,1
20,20,10,0.8,0.03499102592468262,1
20,20,10,1.0,0.04404592514038086,1
20,20,10,1.0,0.02811908721923828,1
20,20,10,1.0,0.028762102127075195,1
20,40,3,0.1,0.10881304740905762,1
20,40,3,0.1,0.10305905342102051,1
20,40,3,0.1,0.15000605583190918,1
20,40,3,0.4,0.12576889991760254,1
20,40,3,0.4,0.14108991622924805,1
20,40,3,0.4,0.11162710189819336,1
20,40,3,0.8,0.13922619819641113,1
20,40,3,0.8,0.1293637752532959,1
20,40,3,0.8,0.09841799736022949,1
20,40,3,1.0,0.8166871070861816,1
20,40,3,1.0,0.23773503303527832,1
20,40,3,1.0,0.1566791534423828,1
20,40,5,0.1,0.13216876983642578,1
20,40,5,0.1,0.13265109062194824,1
20,40,5,0.1,0.14794111251831055,1
20,40,5,0.4,0.16789889335632324,1
20,40,5,0.4,0.12797904014587402,1
20,40,5,0.4,0.34412193298339844,1
20,40,5,0.8,0.12245297431945801,1
20,40,5,0.8,1.0696470737457275,1
20,40,5,0.8,0.3161919116973877,1
20,40,5,1.0,0.48559999465942383,1
20,40,5,1.0,0.6822822093963623,1
20,40,5,1.0,0.16166400909423828,1
20,40,10,0.1,0.33548617362976074,1
20,40,10,0.1,0.11185002326965332,1
20,40,10,0.1,0.18825697898864746,1
20,40,10,0.4,0.760286808013916,1
20,40,10,0.4,0.5632538795471191,1
20,40,10,0.4,0.38141298294067383,1
20,40,10,0.8,0.8762028217315674,1
20,40,10,0.8,0.12429690361022949,1
20,40,10,0.8,1.4373388290405273,1
20,40,10,1.0,1.2152659893035889,1
20,40,10,1.0,0.966353178024292,1
20,40,10,1.0,0.28587818145751953,1
20,80,3,0.1,0.9397141933441162,1
20,80,3,0.1,10.055073022842407,12
20,80,3,0.1,4.115094184875488,1
20,80,3,0.4,8.181598901748657,1
20,80,3,0.4,10.076777935028076,12
20,80,3,0.4,2.221859931945801,1
20,80,3,0.8,10.09417986869812,12
20,80,3,0.8,10.053771018981934,12
20,80,3,0.8,10.080142974853516,12
20,80,3,1.0,10.055491924285889,12
20,80,3,1.0,10.056801080703735,12
20,80,3,1.0,10.059450149536133,12
20,80,5,0.1,4.000159978866577,1
20,80,5,0.1,10.072651863098145,12
20,80,5,0.1,10.083294868469238,12
20,80,5,0.4,10.05648684501648,12
20,80,5,0.4,10.073944091796875,12
20,80,5,0.4,1.3055860996246338,1
20,80,5,0.8,10.092494010925293,12
20,80,5,0.8,10.055429935455322,12
20,80,5,0.8,10.068060159683228,12
20,80,5,1.0,10.078571081161499,12
20,80,5,1.0,10.056339025497437,12
20,80,5,1.0,10.05908489227295,12
20,80,10,0.1,10.062577962875366,12
20,80,10,0.1,10.09269905090332,12
20,80,10,0.1,10.055053949356079,12
20,80,10,0.4,10.072168827056885,12
20,80,10,0.4,10.062039136886597,12
20,80,10,0.4,10.077574968338013,12
20,80,10,0.8,10.056157112121582,12
20,80,10,0.8,1.391118049621582,1
20,80,10,0.8,1.154515027999878,1
20,80,10,1.0,10.056884050369263,12
20,80,10,1.0,10.05433988571167,12
20,80,10,1.0,10.07405710220337,12
40,20,3,0.1,0.03412890434265137,1
40,20,3,0.1,0.032572031021118164,1
40,20,3,0.1,0.0364530086517334,1
40,20,3,0.4,0.03397393226623535,1
40,20,3,0.4,0.032920122146606445,1
40,20,3,0.4,0.03566908836364746,1
40,20,3,0.8,0.03459906578063965,1
40,20,3,0.8,0.06003093719482422,1
40,20,3,0.8,0.03496909141540527,1
40,20,3,1.0,0.034214019775390625,1
40,20,3,1.0,0.03394198417663574,1
40,20,3,1.0,0.03343510627746582,1
40,20,5,0.1,0.03685712814331055,1
40,20,5,0.1,0.037224769592285156,1
40,20,5,0.1,0.03376889228820801,1
40,20,5,0.4,0.037184953689575195,1
40,20,5,0.4,0.032624006271362305,1
40,20,5,0.4,0.03513002395629883,1
40,20,5,0.8,0.04067397117614746,1
40,20,5,0.8,0.03445291519165039,1
40,20,5,0.8,0.03452801704406738,1
40,20,5,1.0,0.033744096755981445,1
40,20,5,1.0,0.03706097602844238,1
40,20,5,1.0,0.03696107864379883,1
40,20,10,0.1,0.03885698318481445,1
40,20,10,0.1,0.03870105743408203,1
40,20,10,0.1,0.03659796714782715,1
40,20,10,0.4,0.03534698486328125,1
40,20,10,0.4,0.03481006622314453,1
40,20,10,0.4,0.03856396675109863,1
40,20,10,0.8,0.03703188896179199,1
40,20,10,0.8,0.03722810745239258,1
40,20,10,0.8,0.04235100746154785,1
40,20,10,1.0,0.04099011421203613,1
40,20,10,1.0,0.03841114044189453,1
40,20,10,1.0,0.03498411178588867,1
40,40,3,0.1,0.16681194305419922,1
40,40,3,0.1,0.12366604804992676,1
40,40,3,0.1,0.11995100975036621,1
40,40,3,0.4,0.11617088317871094,1
40,40,3,0.4,0.157850980758667,1
40,40,3,0.4,0.11119389533996582,1
40,40,3,0.8,0.17097687721252441,1
40,40,3,0.8,0.13556790351867676,1
40,40,3,0.8,0.11249184608459473,1
40,40,3,1.0,0.17075610160827637,1
40,40,3,1.0,0.24102187156677246,1
40,40,3,1.0,0.11626911163330078,1
40,40,5,0.1,0.13440299034118652,1
40,40,5,0.1,0.12406110763549805,1
40,40,5,0.1,0.1368579864501953,1
40,40,5,0.4,0.18653512001037598,1
40,40,5,0.4,0.17496514320373535,1
40,40,5,0.4,0.1425461769104004,1
40,40,5,0.8,0.1697700023651123,1
40,40,5,0.8,0.12950515747070312,1
40,40,5,0.8,0.13879990577697754,1
40,40,5,1.0,0.14778995513916016,1
40,40,5,1.0,0.14345693588256836,1
40,40,5,1.0,0.1463179588317871,1
40,40,10,0.1,0.16710686683654785,1
40,40,10,0.1,0.15762591361999512,1
40,40,10,0.1,0.1476140022277832,1
40,40,10,0.4,0.19866514205932617,1
40,40,10,0.4,0.13624095916748047,1
40,40,10,0.4,0.19274401664733887,1
40,40,10,0.8,0.14175701141357422,1
40,40,10,0.8,0.19130182266235352,1
40,40,10,0.8,0.13128995895385742,1
40,40,10,1.0,0.13293004035949707,1
40,40,10,1.0,0.1980900764465332,1
40,40,10,1.0,0.1361680030822754,1
40,80,3,0.1,0.6759829521179199,1
40,80,3,0.1,0.6841089725494385,1
40,80,3,0.1,1.1677379608154297,1
40,80,3,0.4,1.2623579502105713,1
40,80,3,0.4,0.7724990844726562,1
40,80,3,0.4,0.8094549179077148,1
40,80,3,0.8,0.6506650447845459,1
40,80,3,0.8,1.5874850749969482,1
40,80,3,0.8,0.6340420246124268,1
40,80,3,1.0,0.9717710018157959,1
40,80,3,1.0,0.911391019821167,1
40,80,3,1.0,0.5829188823699951,1
40,80,5,0.1,1.7472479343414307,1
40,80,5,0.1,0.9273710250854492,1
40,80,5,0.1,1.0173590183258057,1
40,80,5,0.4,1.0022709369659424,1
40,80,5,0.4,1.005681037902832,1
40,80,5,0.4,1.0902419090270996,1
40,80,5,0.8,1.1051199436187744,1
40,80,5,0.8,1.5563750267028809,1
40,80,5,0.8,1.1300089359283447,1
40,80,5,1.0,1.052793025970459,1
40,80,5,1.0,1.0466210842132568,1
40,80,5,1.0,0.9986579418182373,1
40,80,10,0.1,1.0984110832214355,1
40,80,10,0.1,0.8624930381774902,1
40,80,10,0.1,1.0265610218048096,1
40,80,10,0.4,1.47188401222229,1
40,80,10,0.4,1.834770917892456,1
40,80,10,0.4,1.2412211894989014,1
40,80,10,0.8,0.9666078090667725,1
40,80,10,0.8,1.1286430358886719,1
40,80,10,0.8,1.973738193511963,1
40,80,10,1.0,1.24080491065979,1
40,80,10,1.0,2.8789279460906982,1
40,80,10,1.0,1.0929949283599854,1
40,160,3,0.1,10.569930076599121,12
40,160,3,0.1,10.642672061920166,12
40,160,3,0.1,10.50997805595398,12
40,160,3,0.4,10.51907205581665,12
40,160,3,0.4,10.519253969192505,12
40,160,3,0.4,10.480254173278809,12
40,160,3,0.8,10.513310194015503,12
40,160,3,0.8,10.6231689453125,12
40,160,3,0.8,10.477151870727539,12
40,160,3,1.0,10.497210025787354,12
40,160,3,1.0,10.479038000106812,12
40,160,3,1.0,10.479344844818115,12
40,160,5,0.1,10.4931321144104,12
40,160,5,0.1,10.617650032043457,12
40,160,5,0.1,10.491929054260254,12
40,160,5,0.4,8.067904949188232,1
40,160,5,0.4,10.614177942276001,12
40,160,5,0.4,7.516814947128296,1
40,160,5,0.8,9.81576418876648,1
40,160,5,0.8,10.75112509727478,12
40,160,5,0.8,10.486329078674316,12
40,160,5,1.0,10.527524948120117,12
40,160,5,1.0,10.485052108764648,12
40,160,5,1.0,10.47531795501709,12
40,160,10,0.1,10.489964008331299,12
40,160,10,0.1,10.56410002708435,12
40,160,10,0.1,10.486171007156372,12
40,160,10,0.4,10.486288070678711,12
40,160,10,0.4,10.486415147781372,12
40,160,10,0.4,10.484644889831543,12
40,160,10,0.8,10.537544012069702,12
40,160,10,0.8,10.483673095703125,12
40,160,10,0.8,10.485077857971191,12
40,160,10,1.0,10.624873161315918,12
40,160,10,1.0,10.482329845428467,12
40,160,10,1.0,10.621537923812866,12
100,50,3,0.1,0.2302548885345459,1
100,50,3,0.1,0.23431110382080078,1
100,50,3,0.1,0.3913140296936035,1
100,50,3,0.4,0.2425239086151123,1
100,50,3,0.4,0.235321044921875,1
100,50,3,0.4,0.2579529285430908,1
100,50,3,0.8,0.23432087898254395,1
100,50,3,0.8,0.3140401840209961,1
100,50,3,0.8,0.23966407775878906,1
100,50,3,1.0,0.24976587295532227,1
100,50,3,1.0,0.25742101669311523,1
100,50,3,1.0,0.2453320026397705,1
100,50,5,0.1,0.2529640197753906,1
100,50,5,0.1,0.2572050094604492,1
100,50,5,0.1,0.2512850761413574,1
100,50,5,0.4,0.31705689430236816,1
100,50,5,0.4,0.24891901016235352,1
100,50,5,0.4,0.28832507133483887,1
100,50,5,0.8,0.266024112701416,1
100,50,5,0.8,0.28244614601135254,1
100,50,5,0.8,0.2521510124206543,1
100,50,5,1.0,0.25139403343200684,1
100,50,5,1.0,0.24563193321228027,1
100,50,5,1.0,0.39297986030578613,1
100,50,10,0.1,0.29100990295410156,1
100,50,10,0.1,0.25325608253479004,1
100,50,10,0.1,0.2943761348724365,1
100,50,10,0.4,0.2787768840789795,1
100,50,10,0.4,0.26659393310546875,1
100,50,10,0.4,0.2815699577331543,1
100,50,10,0.8,0.28110599517822266,1
100,50,10,0.8,0.2583019733428955,1
100,50,10,0.8,0.32951903343200684,1
100,50,10,1.0,0.2517518997192383,1
100,50,10,1.0,0.49326491355895996,1
100,50,10,1.0,0.3804931640625,1
100,100,3,0.1,1.6326510906219482,1
100,100,3,0.1,1.8823678493499756,1
100,100,3,0.1,1.1801321506500244,1
100,100,3,0.4,1.0300672054290771,1
100,100,3,0.4,1.2939250469207764,1
100,100,3,0.4,2.036608934402466,1
100,100,3,0.8,1.1745529174804688,1
100,100,3,0.8,1.2400109767913818,1
100,100,3,0.8,1.306006908416748,1
100,100,3,1.0,1.910006046295166,1
100,100,3,1.0,1.2573530673980713,1
100,100,3,1.0,1.5780761241912842,1
100,100,5,0.1,1.5445048809051514,1
100,100,5,0.1,2.143494129180908,1
100,100,5,0.1,1.7645549774169922,1
100,100,5,0.4,2.0153799057006836,1
100,100,5,0.4,1.540618896484375,1
100,100,5,0.4,1.5966219902038574,1
100,100,5,0.8,1.7373380661010742,1
100,100,5,0.8,1.4949870109558105,1
100,100,5,0.8,1.7266359329223633,1
100,100,5,1.0,1.5971059799194336,1
100,100,5,1.0,2.3573248386383057,1
100,100,5,1.0,1.3477468490600586,1
100,100,10,0.1,2.215458869934082,1
100,100,10,0.1,1.543898105621338,1
100,100,10,0.1,1.7201731204986572,1
100,100,10,0.4,2.206937074661255,1
100,100,10,0.4,2.221893072128296,1
100,100,10,0.4,1.5789148807525635,1
100,100,10,0.8,1.9455959796905518,1
100,100,10,0.8,2.1662490367889404,1
100,100,10,0.8,2.0509870052337646,1
